  0.2647112E-07  0.2558063E-06
  0.6787606E-07  0.1699853E-01
  0.6107346E-06  0.3347810E-01
  0.3789363E-06  0.5010999E-01
  0.6347915E-06  0.6772300E-01
  0.2718628E-06  0.8509321E-01
  0.4198541E-07  0.1019849E+00
  0.3547447E-06  0.1187879E+00
  0.1977894E-02  0.1338449E+00
  0.1348817E-06  0.1519484E+00
  0.1200426E-11  0.1684308E+00
  0.1445300E-07  0.1850234E+00
  0.2625427E-02  0.2018645E+00
  0.1522335E-07  0.2186449E+00
  0.1312756E-07  0.2365320E+00
  0.1833940E-02  0.2619241E+00
  0.7784999E-10  0.2935643E+00
  0.1704132E-01  0.3058676E+00
  0.4571463E-06  0.3253309E+00
  0.1421351E-01  0.3294468E+00
  0.1336379E-06  0.3548266E+00
  0.7249971E-02  0.3713932E+00
  0.3522727E-08  0.3890362E+00
  0.2012259E-12  0.4062744E+00
  0.1757283E-01  0.4217324E+00
  0.8142691E-10  0.4327444E+00
  0.1218035E-01  0.4496292E+00
  0.9078081E-07  0.4609173E+00
  0.3126048E-01  0.4712689E+00
  0.1062210E-05  0.4887289E+00
  0.3270739E-01  0.5026124E+00
  0.7771238E-05  0.5134528E+00
  0.7058624E-02  0.5732832E+00
  0.1880623E-01  0.5294498E-06
  0.1969087E-01  0.1408159E-01
  0.1423446E-01  0.2669212E-01
  0.2933811E-01  0.3365788E-01
  0.1345376E-01  0.4090900E-01
  0.2604520E-01  0.4845119E-01
  0.1208479E-01  0.5830086E-01
  0.2416984E-01  0.6358477E-01
  0.1056101E-01  0.7504731E-01
  0.1800035E-01  0.8487480E-01
  0.3143644E-01  0.8746682E-01
  0.1801855E-01  0.1026475E+00
  0.4007002E-01  0.1011099E+00
  0.1423259E-01  0.1160917E+00
  0.2197075E-01  0.1284644E+00
  0.1296520E-01  0.1423752E+00
  0.2143476E-01  0.1585498E+00
  0.1963738E-01  0.1752191E+00
  0.2094658E-01  0.1997173E+00
  0.4423413E-01  0.1938499E+00
  0.2296882E-01  0.2172426E+00
  0.1851566E-01  0.2400656E+00
  0.2695967E-01  0.2516230E+00
  0.3619498E-01  0.2678561E+00
  0.2975210E-01  0.2884816E+00
  0.3260555E-01  0.3090709E+00
  0.2631316E-01  0.3343039E+00
  0.3673025E-01  0.3431054E+00
  0.3184960E-01  0.3592785E+00
  0.3324559E-01  0.3770881E+00
  0.3347977E-01  0.3985432E+00
  0.3556395E-01  0.4167359E+00
  0.3071188E-01  0.4502705E+00
  0.5261770E-01  0.4899409E+00
  0.4395793E-01  0.2129726E-05
  0.3187505E-01  0.5579502E-02
  0.2949443E-01  0.1931563E-01
  0.5819878E-01  0.2225933E-01
  0.4275867E-01  0.4492110E-01
  0.5793635E-01  0.3924875E-01
  0.5336235E-01  0.5838332E-01
  0.3682870E-01  0.5851680E-01
  0.4770366E-01  0.6976997E-01
  0.3299000E-01  0.7480914E-01
  0.7693934E-01  0.7843853E-01
  0.5566095E-01  0.8247259E-01
  0.6903330E-01  0.9170771E-01
  0.2812345E-01  0.1133026E+00
  0.6282836E-01  0.1153885E+00
  0.4255996E-01  0.1240104E+00
  0.4756747E-01  0.1437232E+00
  0.3852424E-01  0.1583511E+00
  0.3675908E-01  0.1757805E+00
  0.6138600E-01  0.1823011E+00
  0.3883644E-01  0.2121799E+00
  0.5721521E-01  0.2209021E+00
  0.4344643E-01  0.2374238E+00
  0.5351022E-01  0.2594442E+00
  0.5323781E-01  0.2769919E+00
  0.5087747E-01  0.2932467E+00
  0.5421601E-01  0.3135263E+00
  0.4844190E-01  0.3310604E+00
  0.5123388E-01  0.3469152E+00
  0.5198408E-01  0.3621977E+00
  0.5434787E-01  0.3800305E+00
  0.5074768E-01  0.4025877E+00
  0.5347300E-01  0.4233775E+00
  0.5317410E-01  0.4425439E+00
  0.6037737E-01  0.6874606E-06
  0.7179985E-01  0.5484579E-02
  0.4390204E-01  0.2925910E-01
  0.4259215E-01  0.1391119E-01
  0.5259478E-01  0.1043254E-01
  0.7294950E-01  0.2242943E-01
  0.7526655E-01  0.3488010E-01
  0.6831208E-01  0.4996216E-01
  0.6555559E-01  0.6734980E-01
  0.8336113E-01  0.6421049E-01
  0.1039573E+00  0.6872724E-01
  0.9203423E-01  0.7561254E-01
  0.8649753E-01  0.9165576E-01
  0.5552807E-01  0.1001452E+00
  0.7574921E-01  0.1062034E+00
  0.8094005E-01  0.1197158E+00
  0.5468760E-01  0.1324836E+00
  0.5968042E-01  0.1536312E+00
  0.5163567E-01  0.1663926E+00
  0.7848943E-01  0.1870891E+00
  0.6306337E-01  0.2015719E+00
  0.7576723E-01  0.2172632E+00
  0.6497420E-01  0.2390837E+00
  0.7745028E-01  0.2518732E+00
  0.7258891E-01  0.2705484E+00
  0.6767719E-01  0.2871345E+00
  0.6830948E-01  0.3043389E+00
  0.6776457E-01  0.3238996E+00
  0.6863091E-01  0.3441526E+00
  0.6823711E-01  0.3641127E+00
  0.7040166E-01  0.3860697E+00
  0.6660003E-01  0.4024363E+00
  0.7040232E-01  0.4258637E+00
  0.6725178E-01  0.4480401E+00
  0.8363922E-01  0.5767091E-06
  0.9479744E-01  0.1193196E-01
  0.8649030E-01  0.2049486E-01
  0.1104974E+00  0.4247106E-01
  0.1333129E+00  0.4690710E-01
  0.9346875E-01  0.3032425E-01
  0.9601860E-01  0.4299224E-01
  0.8323091E-01  0.4909368E-01
  0.1221405E+00  0.5441787E-01
  0.1055964E+00  0.5424771E-01
  0.1317231E+00  0.8222458E-01
  0.1109973E+00  0.8062083E-01
  0.1007572E+00  0.8951025E-01
  0.9565659E-01  0.1064092E+00
  0.1019701E+00  0.1206252E+00
  0.8370814E-01  0.1336648E+00
  0.7152362E-01  0.1430707E+00
  0.8985920E-01  0.1517055E+00
  0.7734969E-01  0.1674737E+00
  0.9801488E-01  0.1827755E+00
  0.9554417E-01  0.1995492E+00
  0.9293748E-01  0.2173494E+00
  0.8320930E-01  0.2336555E+00
  0.9478010E-01  0.2523704E+00
  0.9069341E-01  0.2700583E+00
  0.8863129E-01  0.2900807E+00
  0.8468482E-01  0.3099235E+00
  0.8752016E-01  0.3246428E+00
  0.8807369E-01  0.3427688E+00
  0.8797149E-01  0.3637761E+00
  0.8811358E-01  0.3829601E+00
  0.8272104E-01  0.4038227E+00
  0.8889293E-01  0.4224126E+00
  0.8495409E-01  0.4430858E+00
  0.7998549E-01  0.4636812E+00
  0.1018836E+00  0.2532452E-05
  0.1088838E+00  0.1219106E-01
  0.1059387E+00  0.2545393E-01
  0.1205770E+00  0.3448716E-01
  0.1457244E+00  0.5158181E-01
  0.1384729E+00  0.6278244E-01
  0.1525729E+00  0.6509420E-01
  0.1453715E+00  0.7676213E-01
  0.1228015E+00  0.6940872E-01
  0.1733283E+00  0.1008678E+00
  0.1639911E+00  0.7350861E-01
  0.1443294E+00  0.8952112E-01
  0.1167039E+00  0.9328932E-01
  0.1115995E+00  0.1095745E+00
  0.1190384E+00  0.1251262E+00
  0.1004913E+00  0.1369730E+00
  0.1126408E+00  0.1495390E+00
  0.1016588E+00  0.1631737E+00
  0.1174117E+00  0.1725884E+00
  0.1136944E+00  0.1919809E+00
  0.1105566E+00  0.2115632E+00
  0.1053026E+00  0.2314331E+00
  0.1097462E+00  0.2475697E+00
  0.1091084E+00  0.2663427E+00
  0.1056144E+00  0.2841072E+00
  0.1013859E+00  0.3035912E+00
  0.1074086E+00  0.3223265E+00
  0.1081065E+00  0.3428505E+00
  0.1079853E+00  0.3648806E+00
  0.1062857E+00  0.3843440E+00
  0.1004268E+00  0.4040105E+00
  0.1088114E+00  0.4245708E+00
  0.1018387E+00  0.4438476E+00
  0.9990839E-01  0.4640915E+00
  0.1213305E+00  0.8375578E-07
  0.1353340E+00  0.1282876E-01
  0.1227968E+00  0.1943021E-01
  0.1364094E+00  0.3234521E-01
  0.1595668E+00  0.5294903E-01
  0.1786986E+00  0.7104214E-01
  0.1826868E+00  0.8722101E-01
  0.1611848E+00  0.8845244E-01
  0.1274861E+00  0.1072326E+00
  0.1346829E+00  0.1204247E+00
  0.1267812E+00  0.1380595E+00
  0.1280998E+00  0.1551991E+00
  0.1344010E+00  0.1666074E+00
  0.1323498E+00  0.1902598E+00
  0.1281250E+00  0.2093330E+00
  0.1229319E+00  0.2271221E+00
  0.1265279E+00  0.2437983E+00
  0.1271534E+00  0.2633374E+00
  0.1252901E+00  0.2835845E+00
  0.1202290E+00  0.3033535E+00
  0.1274513E+00  0.3235605E+00
  0.1270040E+00  0.3434564E+00
  0.1269858E+00  0.3629574E+00
  0.1211659E+00  0.3835390E+00
  0.1202741E+00  0.4036191E+00
  0.1269482E+00  0.4237093E+00
  0.1202493E+00  0.4439592E+00
  0.1198724E+00  0.4639604E+00
  0.1406961E+00  0.6036532E-06
  0.1498055E+00  0.1194147E-01
  0.1447927E+00  0.2376320E-01
  0.1524554E+00  0.3758817E-01
  0.1933043E+00  0.8370187E-01
  0.1896054E+00  0.9736927E-01
  0.1410143E+00  0.1007725E+00
  0.1513285E+00  0.1154995E+00
  0.1485491E+00  0.1321632E+00
  0.1445372E+00  0.1446471E+00
  0.1528577E+00  0.1595092E+00
  0.1498581E+00  0.1823711E+00
  0.1470922E+00  0.2012417E+00
  0.1402177E+00  0.2235738E+00
  0.1452490E+00  0.2440907E+00
  0.1469645E+00  0.2640531E+00
  0.1416928E+00  0.2835921E+00
  0.1403196E+00  0.3035824E+00
  0.1463062E+00  0.3236495E+00
  0.1417180E+00  0.3435531E+00
  0.1419812E+00  0.3634386E+00
  0.1401105E+00  0.3832973E+00
  0.1401637E+00  0.4038124E+00
  0.1413562E+00  0.4237926E+00
  0.1400761E+00  0.4438765E+00
  0.1398674E+00  0.4641998E+00
  0.1606869E+00  0.4506880E-06
  0.1714333E+00  0.1186939E-01
  0.1615631E+00  0.2232746E-01
  0.1681174E+00  0.4224337E-01
  0.1705445E+00  0.5902908E-01
  0.1982824E+00  0.1030829E+00
  0.1551135E+00  0.1050561E+00
  0.1691022E+00  0.1156692E+00
  0.1635086E+00  0.1268452E+00
  0.1633594E+00  0.1410936E+00
  0.1713083E+00  0.1676834E+00
  0.1687601E+00  0.1869460E+00
  0.1658842E+00  0.2046135E+00
  0.1600404E+00  0.2238063E+00
  0.1650308E+00  0.2435741E+00
  0.1668607E+00  0.2635518E+00
  0.1600127E+00  0.2835863E+00
  0.1602622E+00  0.3035183E+00
  0.1614091E+00  0.3235146E+00
  0.1600910E+00  0.3435094E+00
  0.1601411E+00  0.3635284E+00
  0.1600657E+00  0.3836400E+00
  0.1599931E+00  0.4036320E+00
  0.1600505E+00  0.4236424E+00
  0.1600196E+00  0.4436263E+00
  0.1598644E+00  0.4635589E+00
  0.1795064E+00  0.2818414E-05
  0.1855007E+00  0.1350503E-01
  0.1764161E+00  0.2741077E-01
  0.1808652E+00  0.4560953E-01
  0.1897622E+00  0.6651785E-01
  0.2038593E+00  0.7822864E-01
  0.1899544E+00  0.1171696E+00
  0.1798919E+00  0.1107698E+00
  0.1806632E+00  0.1251201E+00
  0.1805919E+00  0.1433616E+00
  0.1892291E+00  0.1606724E+00
  0.1864725E+00  0.1824088E+00
  0.1816148E+00  0.2037407E+00
  0.1800739E+00  0.2236320E+00
  0.1827426E+00  0.2435554E+00
  0.1842623E+00  0.2635001E+00
  0.1798231E+00  0.2835642E+00
  0.1803027E+00  0.3035368E+00
  0.1802419E+00  0.3234761E+00
  0.1799352E+00  0.3433521E+00
  0.1803561E+00  0.3637988E+00
  0.1803385E+00  0.3837926E+00
  0.1798680E+00  0.4037738E+00
  0.1800306E+00  0.4237767E+00
  0.1800558E+00  0.4437678E+00
  0.1800239E+00  0.4638085E+00
  0.1960278E+00  0.2286497E-05
  0.1945430E+00  0.2375668E-01
  0.1929455E+00  0.3823032E-01
  0.1917124E+00  0.5286102E-01
  0.2013214E+00  0.6945804E-01
  0.2103461E+00  0.1269554E+00
  0.1970692E+00  0.1289942E+00
  0.2000135E+00  0.1434917E+00
  0.2070581E+00  0.1633604E+00
  0.2050367E+00  0.1831999E+00
  0.2002119E+00  0.2031559E+00
  0.2000140E+00  0.2233220E+00
  0.2002517E+00  0.2432708E+00
  0.2003021E+00  0.2634382E+00
  0.1997787E+00  0.2832885E+00
  0.2001784E+00  0.3034979E+00
  0.2001457E+00  0.3233679E+00
  0.2001807E+00  0.3433350E+00
  0.2002942E+00  0.3632938E+00
  0.2002859E+00  0.3837838E+00
  0.1998252E+00  0.4038798E+00
  0.1999734E+00  0.4242023E+00
  0.2001153E+00  0.4441823E+00
  0.2000768E+00  0.4645420E+00
  0.2207481E+00  0.3747667E-06
  0.2068054E+00  0.9265582E-02
  0.2084075E+00  0.3755509E-01
  0.2038439E+00  0.5858012E-01
  0.2146760E+00  0.7502416E-01
  0.2057764E+00  0.9438804E-01
  0.2096022E+00  0.1087942E+00
  0.2223418E+00  0.1200068E+00
  0.2211252E+00  0.1298974E+00
  0.2200260E+00  0.1437127E+00
  0.2266643E+00  0.1640498E+00
  0.2210813E+00  0.1837042E+00
  0.2200496E+00  0.2036363E+00
  0.2199814E+00  0.2235837E+00
  0.2200249E+00  0.2434778E+00
  0.2198966E+00  0.2634963E+00
  0.2200143E+00  0.2834314E+00
  0.2201259E+00  0.3034008E+00
  0.2202373E+00  0.3233915E+00
  0.2200934E+00  0.3436965E+00
  0.2201540E+00  0.3636244E+00
  0.2201920E+00  0.3835638E+00
  0.2197605E+00  0.4035598E+00
  0.2199373E+00  0.4235444E+00
  0.2200625E+00  0.4434686E+00
  0.2200550E+00  0.4640163E+00
  0.2379948E+00  0.1819977E-05
  0.2248357E+00  0.1411684E-01
  0.2136539E+00  0.2125427E-01
  0.2142228E+00  0.5105679E-01
  0.2158330E+00  0.8774950E-01
  0.2168316E+00  0.9969302E-01
  0.2269961E+00  0.1070562E+00
  0.2392400E+00  0.1185814E+00
  0.2363073E+00  0.1309758E+00
  0.2385251E+00  0.1437987E+00
  0.2459872E+00  0.1629995E+00
  0.2400793E+00  0.1832596E+00
  0.2399455E+00  0.2033460E+00
  0.2400235E+00  0.2236110E+00
  0.2399659E+00  0.2437398E+00
  0.2398853E+00  0.2638958E+00
  0.2402452E+00  0.2839235E+00
  0.2400263E+00  0.3037516E+00
  0.2400689E+00  0.3236463E+00
  0.2400715E+00  0.3435548E+00
  0.2401222E+00  0.3634900E+00
  0.2401342E+00  0.3834682E+00
  0.2398413E+00  0.4034119E+00
  0.2399591E+00  0.4236069E+00
  0.2400748E+00  0.4436650E+00
  0.2400592E+00  0.4639035E+00
  0.2594300E+00  0.3008946E-06
  0.2473403E+00  0.1026554E-01
  0.2355083E+00  0.2129306E-01
  0.2159415E+00  0.6502107E-01
  0.2304149E+00  0.5843052E-01
  0.2289144E+00  0.7514595E-01
  0.2385627E+00  0.1031439E+00
  0.2536482E+00  0.1103868E+00
  0.2489460E+00  0.1303711E+00
  0.2554871E+00  0.1441624E+00
  0.2618635E+00  0.1637775E+00
  0.2599234E+00  0.1835439E+00
  0.2598727E+00  0.2036345E+00
  0.2601418E+00  0.2236451E+00
  0.2599308E+00  0.2434685E+00
  0.2599982E+00  0.2634269E+00
  0.2602682E+00  0.2835452E+00
  0.2600095E+00  0.3034798E+00
  0.2599202E+00  0.3233316E+00
  0.2601391E+00  0.3432005E+00
  0.2602410E+00  0.3632175E+00
  0.2600680E+00  0.3835360E+00
  0.2600892E+00  0.4039818E+00
  0.2602047E+00  0.4239638E+00
  0.2600142E+00  0.4438446E+00
  0.2600625E+00  0.4643282E+00
  0.2802561E+00  0.2205348E-06
  0.2630586E+00  0.1758787E-01
  0.2499267E+00  0.2203624E-01
  0.2216015E+00  0.3220391E-01
  0.2416301E+00  0.3489933E-01
  0.2281616E+00  0.4426272E-01
  0.2312653E+00  0.9043405E-01
  0.2661386E+00  0.9653430E-01
  0.2654992E+00  0.1145808E+00
  0.2688895E+00  0.1284353E+00
  0.2826417E+00  0.1396318E+00
  0.2706520E+00  0.1515972E+00
  0.2796744E+00  0.1654788E+00
  0.2784849E+00  0.1842781E+00
  0.2798148E+00  0.2036563E+00
  0.2802063E+00  0.2235643E+00
  0.2799266E+00  0.2434753E+00
  0.2799909E+00  0.2633933E+00
  0.2802079E+00  0.2833673E+00
  0.2798982E+00  0.3033932E+00
  0.2798477E+00  0.3235204E+00
  0.2801827E+00  0.3435810E+00
  0.2802986E+00  0.3635530E+00
  0.2799680E+00  0.3836237E+00
  0.2800401E+00  0.4037410E+00
  0.2801166E+00  0.4237424E+00
  0.2799762E+00  0.4437573E+00
  0.2801407E+00  0.4638633E+00
  0.2991759E+00  0.1003383E-05
  0.2763340E+00  0.1587680E-01
  0.2835439E+00  0.2799587E-01
  0.2687196E+00  0.3022620E-01
  0.2562556E+00  0.3771350E-01
  0.2450145E+00  0.5150927E-01
  0.2458192E+00  0.6737635E-01
  0.2567832E+00  0.6063902E-01
  0.2646942E+00  0.7137746E-01
  0.2437991E+00  0.8115915E-01
  0.2535391E+00  0.9656811E-01
  0.2581788E+00  0.8324956E-01
  0.2847625E+00  0.9834923E-01
  0.2765272E+00  0.1100980E+00
  0.2848845E+00  0.1228090E+00
  0.2969255E+00  0.1347620E+00
  0.2901789E+00  0.1536889E+00
  0.3062744E+00  0.1643726E+00
  0.2954334E+00  0.1767954E+00
  0.3025639E+00  0.1968239E+00
  0.2977326E+00  0.2161741E+00
  0.3012317E+00  0.2329234E+00
  0.2991595E+00  0.2511315E+00
  0.3005338E+00  0.2709970E+00
  0.3000979E+00  0.2880814E+00
  0.2998934E+00  0.3038073E+00
  0.2998479E+00  0.3236559E+00
  0.3000797E+00  0.3436551E+00
  0.3002021E+00  0.3637479E+00
  0.2998780E+00  0.3836459E+00
  0.3000520E+00  0.4035794E+00
  0.3000736E+00  0.4235973E+00
  0.3001956E+00  0.4437603E+00
  0.3002622E+00  0.4638223E+00
  0.3183585E+00  0.6390930E-06
  0.2907953E+00  0.1376401E-01
  0.2987606E+00  0.2556996E-01
  0.3083669E+00  0.4063280E-01
  0.2762654E+00  0.4156474E-01
  0.2626003E+00  0.4789083E-01
  0.2733209E+00  0.5940822E-01
  0.2850039E+00  0.5126993E-01
  0.2826290E+00  0.6948894E-01
  0.2785526E+00  0.8369627E-01
  0.2957359E+00  0.7821142E-01
  0.2956462E+00  0.9200754E-01
  0.2948366E+00  0.1066028E+00
  0.3027034E+00  0.1180779E+00
  0.3165925E+00  0.1144615E+00
  0.3116677E+00  0.1300569E+00
  0.3259865E+00  0.1426039E+00
  0.3090206E+00  0.1479557E+00
  0.3214778E+00  0.1641413E+00
  0.3151180E+00  0.1813208E+00
  0.3230633E+00  0.1998407E+00
  0.3174789E+00  0.2173338E+00
  0.3218235E+00  0.2365435E+00
  0.3174851E+00  0.2566724E+00
  0.3216930E+00  0.2759974E+00
  0.3201312E+00  0.2926407E+00
  0.3198104E+00  0.3108344E+00
  0.3198154E+00  0.3305207E+00
  0.3201625E+00  0.3466348E+00
  0.3201200E+00  0.3638314E+00
  0.3198333E+00  0.3837625E+00
  0.3201074E+00  0.4036856E+00
  0.3201002E+00  0.4236942E+00
  0.3202575E+00  0.4436727E+00
  0.3206166E+00  0.4637968E+00
  0.3357354E+00  0.8418715E-06
  0.3070066E+00  0.1202523E-01
  0.3147617E+00  0.2589773E-01
  0.3221225E+00  0.4347512E-01
  0.3335832E+00  0.5093874E-01
  0.3354525E+00  0.3622492E-01
  0.2942152E+00  0.4065275E-01
  0.3460304E+00  0.4821988E-01
  0.3084466E+00  0.5373677E-01
  0.2943940E+00  0.6112670E-01
  0.3149134E+00  0.8736345E-01
  0.3259895E+00  0.7330149E-01
  0.3099922E+00  0.1028227E+00
  0.3248607E+00  0.1012034E+00
  0.3373519E+00  0.1127165E+00
  0.3274016E+00  0.1268067E+00
  0.3438779E+00  0.1439860E+00
  0.3330048E+00  0.1581677E+00
  0.3451745E+00  0.1661509E+00
  0.3352907E+00  0.1802863E+00
  0.3419630E+00  0.1960576E+00
  0.3367319E+00  0.2155663E+00
  0.3426634E+00  0.2356855E+00
  0.3373346E+00  0.2553397E+00
  0.3410954E+00  0.2731491E+00
  0.3401149E+00  0.2905425E+00
  0.3398655E+00  0.3103563E+00
  0.3396969E+00  0.3298039E+00
  0.3402839E+00  0.3455113E+00
  0.3400954E+00  0.3636612E+00
  0.3398727E+00  0.3835588E+00
  0.3400667E+00  0.4035522E+00
  0.3400727E+00  0.4235325E+00
  0.3402419E+00  0.4438112E+00
  0.3509522E+00  0.9598271E-06
  0.3234718E+00  0.1158195E-01
  0.3307076E+00  0.2454979E-01
  0.3541864E+00  0.1259062E-01
  0.3473813E+00  0.2426097E-01
  0.3553225E+00  0.3737892E-01
  0.3618777E+00  0.5035420E-01
  0.3557794E+00  0.6609186E-01
  0.3220052E+00  0.5817779E-01
  0.3395319E+00  0.6351135E-01
  0.3103953E+00  0.7018929E-01
  0.3462846E+00  0.7636528E-01
  0.3324703E+00  0.8639168E-01
  0.3389696E+00  0.9759789E-01
  0.3560878E+00  0.1168314E+00
  0.3437963E+00  0.1272060E+00
  0.3610287E+00  0.1341012E+00
  0.3583525E+00  0.1499552E+00
  0.3590649E+00  0.1668226E+00
  0.3580224E+00  0.1827287E+00
  0.3602174E+00  0.1967174E+00
  0.3560928E+00  0.2157390E+00
  0.3614878E+00  0.2353348E+00
  0.3574468E+00  0.2549417E+00
  0.3602122E+00  0.2732517E+00
  0.3597837E+00  0.2902290E+00
  0.3605011E+00  0.3099198E+00
  0.3596999E+00  0.3300494E+00
  0.3603068E+00  0.3455633E+00
  0.3600525E+00  0.3639901E+00
  0.3601525E+00  0.3840896E+00
  0.3601051E+00  0.4043005E+00
  0.3599597E+00  0.4242194E+00
  0.3602489E+00  0.4445171E+00
  0.3816638E+00  0.6712437E-06
  0.3399201E+00  0.1415078E-01
  0.3657175E+00  0.3801374E-05
  0.3724479E+00  0.1096516E-01
  0.3629008E+00  0.2361324E-01
  0.3710608E+00  0.3532210E-01
  0.3732396E+00  0.4790586E-01
  0.3719828E+00  0.6180105E-01
  0.3677727E+00  0.7679299E-01
  0.3653488E+00  0.8910631E-01
  0.3483158E+00  0.8889685E-01
  0.3698144E+00  0.1050740E+00
  0.3566649E+00  0.1022428E+00
  0.3787015E+00  0.1147369E+00
  0.3711553E+00  0.1261849E+00
  0.3844382E+00  0.1330982E+00
  0.3742896E+00  0.1465449E+00
  0.3829615E+00  0.1579716E+00
  0.3736276E+00  0.1722361E+00
  0.3844698E+00  0.1878348E+00
  0.3770962E+00  0.2027434E+00
  0.3771698E+00  0.2216921E+00
  0.3802160E+00  0.2373830E+00
  0.3820573E+00  0.2559693E+00
  0.3789064E+00  0.2744811E+00
  0.3803036E+00  0.2910376E+00
  0.3801370E+00  0.3103711E+00
  0.3804225E+00  0.3296016E+00
  0.3800608E+00  0.3452710E+00
  0.3801221E+00  0.3635560E+00
  0.3801425E+00  0.3834778E+00
  0.3801367E+00  0.4035128E+00
  0.3799840E+00  0.4236405E+00
  0.3804210E+00  0.4437424E+00
  0.3982237E+00  0.1198011E-05
  0.4084430E+00  0.9586802E-02
  0.3887731E+00  0.1139347E-01
  0.3978511E+00  0.1838312E-01
  0.3777837E+00  0.2194789E-01
  0.3880729E+00  0.2761003E-01
  0.3880164E+00  0.4198924E-01
  0.3868634E+00  0.5773486E-01
  0.3837157E+00  0.7439429E-01
  0.3951993E+00  0.7974844E-01
  0.3843488E+00  0.9006103E-01
  0.4004160E+00  0.9715076E-01
  0.3865171E+00  0.1046812E+00
  0.4027166E+00  0.1099648E+00
  0.3902444E+00  0.1191075E+00
  0.4011291E+00  0.1324147E+00
  0.3958713E+00  0.1464069E+00
  0.4023719E+00  0.1607885E+00
  0.3899928E+00  0.1728299E+00
  0.4056241E+00  0.1860410E+00
  0.3948554E+00  0.2009654E+00
  0.4032776E+00  0.2162091E+00
  0.3987701E+00  0.2355259E+00
  0.4012163E+00  0.2555106E+00
  0.3981982E+00  0.2735995E+00
  0.4006740E+00  0.2906955E+00
  0.3998695E+00  0.3103750E+00
  0.4004955E+00  0.3295772E+00
  0.3999265E+00  0.3452034E+00
  0.4000270E+00  0.3638406E+00
  0.4001850E+00  0.3837566E+00
  0.4002072E+00  0.4036906E+00
  0.4003885E+00  0.4239538E+00
  0.4202270E+00  0.3411413E-05
  0.4238527E+00  0.1084543E-01
  0.4115843E+00  0.2275913E-01
  0.4000948E+00  0.3406766E-01
  0.4273204E+00  0.2384473E-01
  0.4153296E+00  0.3556621E-01
  0.4009666E+00  0.4915334E-01
  0.3973974E+00  0.6610398E-01
  0.4094645E+00  0.5966319E-01
  0.4148837E+00  0.7295389E-01
  0.4113798E+00  0.8621117E-01
  0.4267452E+00  0.9008950E-01
  0.4163547E+00  0.1017138E+00
  0.4248172E+00  0.1153229E+00
  0.4104457E+00  0.1215515E+00
  0.4182359E+00  0.1337182E+00
  0.4105223E+00  0.1474655E+00
  0.4196872E+00  0.1609327E+00
  0.4108634E+00  0.1739962E+00
  0.4269603E+00  0.1841553E+00
  0.4161221E+00  0.1979294E+00
  0.4226339E+00  0.2151997E+00
  0.4225740E+00  0.2353478E+00
  0.4201741E+00  0.2551602E+00
  0.4191666E+00  0.2733676E+00
  0.4203653E+00  0.2904603E+00
  0.4199516E+00  0.3101965E+00
  0.4204112E+00  0.3292183E+00
  0.4199263E+00  0.3448370E+00
  0.4200898E+00  0.3637445E+00
  0.4201328E+00  0.3837011E+00
  0.4202690E+00  0.4036737E+00
  0.4203685E+00  0.4238591E+00
  0.4378810E+00  0.6116923E-06
  0.4497964E+00  0.7261032E-02
  0.4394261E+00  0.1661208E-01
  0.4479446E+00  0.2489544E-01
  0.4434229E+00  0.3782563E-01
  0.4304898E+00  0.3613833E-01
  0.4369456E+00  0.5007014E-01
  0.4163460E+00  0.4494808E-01
  0.4239579E+00  0.5914868E-01
  0.4399996E+00  0.6552457E-01
  0.4286699E+00  0.7694589E-01
  0.4415293E+00  0.9244781E-01
  0.4347633E+00  0.1047552E+00
  0.4392656E+00  0.1177323E+00
  0.4319948E+00  0.1308788E+00
  0.4417597E+00  0.1451359E+00
  0.4275085E+00  0.1462802E+00
  0.4390381E+00  0.1577806E+00
  0.4332340E+00  0.1717509E+00
  0.4450252E+00  0.1858195E+00
  0.4354222E+00  0.1989186E+00
  0.4417722E+00  0.2151009E+00
  0.4418580E+00  0.2351988E+00
  0.4391595E+00  0.2548731E+00
  0.4388504E+00  0.2732464E+00
  0.4399296E+00  0.2906380E+00
  0.4399228E+00  0.3104316E+00
  0.4404506E+00  0.3299488E+00
  0.4400709E+00  0.3457283E+00
  0.4400241E+00  0.3636948E+00
  0.4402578E+00  0.3836550E+00
  0.4403765E+00  0.4036505E+00
  0.4596639E+00  0.1369477E-05
  0.4717872E+00  0.8001256E-02
  0.4605980E+00  0.1503069E-01
  0.4753288E+00  0.2176753E-01
  0.4604203E+00  0.2884647E-01
  0.4717864E+00  0.3766152E-01
  0.4585119E+00  0.4255143E-01
  0.4510598E+00  0.5500853E-01
  0.4556381E+00  0.7207078E-01
  0.4683052E+00  0.7873135E-01
  0.4461116E+00  0.8046659E-01
  0.4585232E+00  0.8902146E-01
  0.4527851E+00  0.1043813E+00
  0.4587120E+00  0.1157298E+00
  0.4487998E+00  0.1295285E+00
  0.4639840E+00  0.1387812E+00
  0.4553137E+00  0.1518945E+00
  0.4643139E+00  0.1613117E+00
  0.4523499E+00  0.1698004E+00
  0.4617653E+00  0.1866590E+00
  0.4555045E+00  0.1979159E+00
  0.4619183E+00  0.2165372E+00
  0.4606303E+00  0.2365127E+00
  0.4578847E+00  0.2565810E+00
  0.4622146E+00  0.2757135E+00
  0.4589517E+00  0.2922554E+00
  0.4600864E+00  0.3107511E+00
  0.4603558E+00  0.3307502E+00
  0.4603491E+00  0.3470485E+00
  0.4600450E+00  0.3639853E+00
  0.4601814E+00  0.3837965E+00
  0.4605749E+00  0.4042067E+00
  0.4791360E+00  0.1093655E-05
  0.5022857E+00  0.1391190E-01
  0.4867100E+00  0.1054324E-01
  0.4914872E+00  0.2163664E-01
  0.4844914E+00  0.3562272E-01
  0.4782331E+00  0.4945275E-01
  0.4852763E+00  0.5974190E-01
  0.4649812E+00  0.5382235E-01
  0.4744684E+00  0.6599895E-01
  0.4834171E+00  0.8043757E-01
  0.4740406E+00  0.9247268E-01
  0.4859624E+00  0.1068274E+00
  0.4680290E+00  0.1049281E+00
  0.4786046E+00  0.1175198E+00
  0.4660701E+00  0.1265342E+00
  0.4811409E+00  0.1346788E+00
  0.4766836E+00  0.1506990E+00
  0.4793448E+00  0.1642879E+00
  0.4698962E+00  0.1750777E+00
  0.4832255E+00  0.1861377E+00
  0.4746058E+00  0.2018617E+00
  0.4825962E+00  0.2164099E+00
  0.4794699E+00  0.2361732E+00
  0.4796320E+00  0.2560862E+00
  0.4813294E+00  0.2752902E+00
  0.4795701E+00  0.2916712E+00
  0.4795618E+00  0.3107642E+00
  0.4804904E+00  0.3303389E+00
  0.4802470E+00  0.3463141E+00
  0.4800745E+00  0.3637188E+00
  0.4802727E+00  0.3835979E+00
  0.5015711E+00  0.2106217E-05
  0.5168418E+00  0.1299527E-01
  0.5115833E+00  0.2512362E-01
  0.5218928E+00  0.3608665E-01
  0.5010577E+00  0.3256173E-01
  0.4936200E+00  0.4813414E-01
  0.5049267E+00  0.5912917E-01
  0.4981579E+00  0.6939886E-01
  0.5177785E+00  0.6517698E-01
  0.4989272E+00  0.8328941E-01
  0.4892884E+00  0.9301023E-01
  0.5070171E+00  0.9388222E-01
  0.4986258E+00  0.1093457E+00
  0.4917456E+00  0.1238964E+00
  0.5175693E+00  0.1349417E+00
  0.4989636E+00  0.1378636E+00
  0.4915684E+00  0.1539791E+00
  0.5036592E+00  0.1640121E+00
  0.4965552E+00  0.1760259E+00
  0.5056608E+00  0.1887670E+00
  0.4938102E+00  0.2020458E+00
  0.5049904E+00  0.2159945E+00
  0.4978191E+00  0.2344191E+00
  0.4998595E+00  0.2540565E+00
  0.5015594E+00  0.2713452E+00
  0.4989423E+00  0.2898580E+00
  0.5009373E+00  0.3097324E+00
  0.4999891E+00  0.3276565E+00
  0.5002725E+00  0.3439336E+00
  0.5000523E+00  0.3638239E+00
  0.5204176E+00  0.1238964E-05
  0.5316259E+00  0.1217731E-01
  0.5300802E+00  0.2361090E-01
  0.5480548E+00  0.1641716E-01
  0.5090937E+00  0.4256512E-01
  0.5356396E+00  0.4366323E-01
  0.5451681E+00  0.5235940E-01
  0.5213822E+00  0.5216244E-01
  0.5260113E+00  0.7761923E-01
  0.5126056E+00  0.8262239E-01
  0.5231494E+00  0.9760571E-01
  0.5117473E+00  0.1071897E+00
  0.5262449E+00  0.1138133E+00
  0.5088351E+00  0.1209058E+00
  0.5347782E+00  0.1266321E+00
  0.5288027E+00  0.1436246E+00
  0.5089083E+00  0.1468738E+00
  0.5278146E+00  0.1739137E+00
  0.5113197E+00  0.1742965E+00
  0.5223954E+00  0.1876397E+00
  0.5138740E+00  0.2031525E+00
  0.5256779E+00  0.2163927E+00
  0.5163025E+00  0.2348780E+00
  0.5196012E+00  0.2546638E+00
  0.5218939E+00  0.2726187E+00
  0.5185834E+00  0.2903102E+00
  0.5212175E+00  0.3102269E+00
  0.5196794E+00  0.3296250E+00
  0.5203118E+00  0.3452181E+00
  0.5204889E+00  0.3644480E+00
  0.5375810E+00  0.9127519E-06
  0.5495163E+00  0.2512250E-02
  0.5610496E+00  0.1219763E-01
  0.5617751E+00  0.2607081E-01
  0.5424855E+00  0.3067603E-01
  0.5522465E+00  0.4041091E-01
  0.5659637E+00  0.5307145E-01
  0.5336742E+00  0.6242081E-01
  0.5430714E+00  0.7417976E-01
  0.5349682E+00  0.8762851E-01
  0.5522421E+00  0.9004551E-01
  0.5385425E+00  0.1017317E+00
  0.5561979E+00  0.1058739E+00
  0.5453440E+00  0.1133012E+00
  0.5505342E+00  0.1284485E+00
  0.5448018E+00  0.1422624E+00
  0.5206529E+00  0.1585773E+00
  0.5356745E+00  0.1566451E+00
  0.5475967E+00  0.1701925E+00
  0.5379992E+00  0.1829157E+00
  0.5389235E+00  0.2003858E+00
  0.5445369E+00  0.2170739E+00
  0.5355152E+00  0.2361996E+00
  0.5418114E+00  0.2556038E+00
  0.5409545E+00  0.2746135E+00
  0.5401749E+00  0.2912384E+00
  0.5405934E+00  0.3104513E+00
  0.5397513E+00  0.3298936E+00
  0.5404776E+00  0.3457421E+00
  0.5635213E+00  0.1200642E-05
  0.5752425E+00  0.1325568E-01
  0.5951820E+00  0.3894657E-01
  0.5776713E+00  0.3086130E-01
  0.5811696E+00  0.4260077E-01
  0.5651794E+00  0.3917875E-01
  0.5862867E+00  0.5612550E-01
  0.5539202E+00  0.6120077E-01
  0.5576260E+00  0.7667589E-01
  0.5722560E+00  0.7783429E-01
  0.5866266E+00  0.8841939E-01
  0.5672694E+00  0.9203773E-01
  0.5836562E+00  0.1033525E+00
  0.5720339E+00  0.1057514E+00
  0.5612955E+00  0.1177358E+00
  0.5619173E+00  0.1397076E+00
  0.5732539E+00  0.1522220E+00
  0.5537426E+00  0.1541918E+00
  0.5643486E+00  0.1693722E+00
  0.5540238E+00  0.1871221E+00
  0.5557407E+00  0.2064413E+00
  0.5655915E+00  0.2215254E+00
  0.5550590E+00  0.2358541E+00
  0.5621216E+00  0.2548815E+00
  0.5602915E+00  0.2728390E+00
  0.5602985E+00  0.2907070E+00
  0.5601529E+00  0.3112726E+00
  0.5603796E+00  0.3296572E+00
  0.5816170E+00  0.1000630E-05
  0.5884514E+00  0.2402507E-01
  0.6024124E+00  0.2214664E-01
  0.6148982E+00  0.3306653E-01
  0.6283467E+00  0.4788852E-01
  0.6078810E+00  0.4664362E-01
  0.6007455E+00  0.6198408E-01
  0.6170532E+00  0.5819212E-01
  0.5724868E+00  0.6245669E-01
  0.5862260E+00  0.7236966E-01
  0.5978901E+00  0.7467695E-01
  0.6082366E+00  0.8511644E-01
  0.5985456E+00  0.9947200E-01
  0.5923299E+00  0.1162462E+00
  0.5756367E+00  0.1221435E+00
  0.5786188E+00  0.1360354E+00
  0.5897599E+00  0.1495322E+00
  0.5843428E+00  0.1649546E+00
  0.5750094E+00  0.1848855E+00
  0.5915373E+00  0.1899506E+00
  0.5740540E+00  0.2035279E+00
  0.5834342E+00  0.2190809E+00
  0.5771048E+00  0.2355747E+00
  0.5818108E+00  0.2549100E+00
  0.5796633E+00  0.2725401E+00
  0.5816597E+00  0.2906425E+00
  0.5798295E+00  0.3156411E+00
  0.6009868E+00  0.5402359E-06
  0.5917026E+00  0.1190967E-01
  0.6179826E+00  0.2137408E-01
  0.6310285E+00  0.3254820E-01
  0.6444587E+00  0.3345908E-01
  0.6438927E+00  0.4883905E-01
  0.6771023E+00  0.4077282E-01
  0.6320354E+00  0.5991703E-01
  0.6177572E+00  0.7250131E-01
  0.6338924E+00  0.7210787E-01
  0.6304552E+00  0.8789386E-01
  0.6140450E+00  0.9800753E-01
  0.6280471E+00  0.1037763E+00
  0.6088662E+00  0.1114078E+00
  0.5942877E+00  0.1305475E+00
  0.6134969E+00  0.1270629E+00
  0.6071111E+00  0.1437590E+00
  0.6052382E+00  0.1577483E+00
  0.5948998E+00  0.1745655E+00
  0.6102284E+00  0.1845339E+00
  0.6015898E+00  0.2041874E+00
  0.6016293E+00  0.2201233E+00
  0.6004826E+00  0.2376477E+00
  0.6003287E+00  0.2622861E+00
  0.6006078E+00  0.2928584E+00
  0.6226276E+00  0.3224963E-06
  0.6091746E+00  0.1125261E-01
  0.6444391E+00  0.2120750E-01
  0.6292182E+00  0.1323757E-01
  0.6612695E+00  0.3197665E-01
  0.6618957E+00  0.4682095E-01
  0.6759830E+00  0.2630667E-01
  0.7188197E+00  0.3033297E-01
  0.7001063E+00  0.2674347E-01
  0.6548038E+00  0.6091835E-01
  0.6467453E+00  0.7902784E-01
  0.6414748E+00  0.9655318E-01
  0.6614896E+00  0.8647900E-01
  0.6466505E+00  0.1163426E+00
  0.6292935E+00  0.1169303E+00
  0.6388820E+00  0.1316097E+00
  0.6245668E+00  0.1400414E+00
  0.6242927E+00  0.1540506E+00
  0.6167108E+00  0.1695442E+00
  0.6267940E+00  0.1822588E+00
  0.6198735E+00  0.1993905E+00
  0.6202363E+00  0.2193702E+00
  0.6202217E+00  0.2469773E+00
  0.6200773E+00  0.2784071E+00
  0.6404258E+00  0.3091115E-06
  0.6520025E+00  0.4955653E-02
  0.6928860E+00  0.8759932E-02
  0.6673578E+00  0.1626442E-01
  0.6785583E+00  0.3221905E-02
  0.7075571E+00  0.1595899E-01
  0.7425428E+00  0.9556059E-04
  0.7354602E+00  0.2721853E-01
  0.7424595E+00  0.3738973E-01
  0.6914744E+00  0.4653495E-01
  0.6746605E+00  0.5705661E-01
  0.6643976E+00  0.6994424E-01
  0.6787928E+00  0.7722651E-01
  0.6562570E+00  0.1045648E+00
  0.6691514E+00  0.1136086E+00
  0.6606857E+00  0.1285705E+00
  0.6422307E+00  0.1474754E+00
  0.6529832E+00  0.1598380E+00
  0.6359066E+00  0.1665310E+00
  0.6467619E+00  0.1812255E+00
  0.6442293E+00  0.2145065E+00
  0.6449303E+00  0.2490392E+00
  0.6640524E+00  0.4020116E-06
  0.6865793E+00  0.1997938E-01
  0.7268823E+00  0.1004306E-01
  0.7007035E+00  0.8035662E-03
  0.7826196E+00  0.4361143E-02
  0.7619527E+00  0.2517969E-02
  0.7715233E+00  0.2169339E-01
  0.7544932E+00  0.1523432E-01
  0.7521918E+00  0.4554260E-01
  0.7042603E+00  0.5379688E-01
  0.7115229E+00  0.6623492E-01
  0.6899237E+00  0.6302895E-01
  0.7045942E+00  0.7852855E-01
  0.6737974E+00  0.9810500E-01
  0.6903141E+00  0.1108673E+00
  0.6788786E+00  0.1321900E+00
  0.6586556E+00  0.1453079E+00
  0.6738665E+00  0.1519193E+00
  0.6613364E+00  0.1701600E+00
  0.8297198E+00  0.4010802E-01
  0.7152991E+00  0.2374134E-06
  0.8131630E+00  0.2000194E-02
  0.8253495E+00  0.2194086E-01
  0.8039880E+00  0.1841149E-01
  0.7519903E+00  0.2721536E-01
  0.7645362E+00  0.5051509E-01
  0.7245558E+00  0.4960430E-01
  0.7331532E+00  0.6357647E-01
  0.7249066E+00  0.8072870E-01
  0.6949711E+00  0.9552942E-01
  0.7127230E+00  0.9591363E-01
  0.6979281E+00  0.1313374E+00
