  0.3272727E+00  0.2031206E-03
  0.3272727E+00  0.5012189E-03
  0.3272727E+00  0.2899605E-02
  0.3272727E+00  0.6865788E-03
  0.3272727E+00  0.8244485E-02
  0.3272727E+00  0.1683751E-01
  0.3272727E+00  0.2489650E-02
  0.3272727E+00  0.3107288E-01
  0.3272727E+00  0.3247149E-01
  0.3272727E+00  0.7161853E-02
  0.3272727E+00  0.4422007E-01
  0.3636364E+00  0.2031206E-03
  0.3636364E+00  0.5012189E-03
  0.3636364E+00  0.2899605E-02
  0.3636364E+00  0.6865788E-03
  0.3636364E+00  0.8244485E-02
  0.3636364E+00  0.1683751E-01
  0.3636364E+00  0.2489650E-02
  0.3636364E+00  0.3107288E-01
  0.3636364E+00  0.3247149E-01
  0.3636364E+00  0.7161853E-02
  0.3636364E+00  0.4422007E-01
  0.4000000E+00  0.2031206E-03
  0.4000000E+00  0.5012189E-03
  0.4000000E+00  0.2899605E-02
  0.4000000E+00  0.6865788E-03
  0.4000000E+00  0.8244485E-02
  0.4000000E+00  0.1683751E-01
  0.4000000E+00  0.2489650E-02
  0.4000000E+00  0.3107288E-01
  0.4000000E+00  0.3247149E-01
  0.4000000E+00  0.7161853E-02
  0.4000000E+00  0.4422007E-01
  0.4363636E+00  0.2031206E-03
  0.4363636E+00  0.5012189E-03
  0.4363636E+00  0.2899605E-02
  0.4363636E+00  0.6865788E-03
  0.4363636E+00  0.8244485E-02
  0.4363636E+00  0.1683751E-01
  0.4363636E+00  0.2489650E-02
  0.4363636E+00  0.3107288E-01
  0.4363636E+00  0.3247149E-01
  0.4363636E+00  0.7161853E-02
  0.4363636E+00  0.4422007E-01
  0.4727273E+00  0.2031206E-03
  0.4727273E+00  0.5012189E-03
  0.4727273E+00  0.2899605E-02
  0.4727273E+00  0.6865788E-03
  0.4727273E+00  0.8244485E-02
  0.4727273E+00  0.1683751E-01
  0.4727273E+00  0.2489650E-02
  0.4727273E+00  0.3107288E-01
  0.4727273E+00  0.3247149E-01
  0.4727273E+00  0.7161853E-02
  0.4727273E+00  0.4422007E-01
  0.5090909E+00  0.2031206E-03
  0.5090909E+00  0.5012189E-03
  0.5090909E+00  0.2899605E-02
  0.5090909E+00  0.6865788E-03
  0.5090909E+00  0.8244485E-02
  0.3964723E+00  0.1750944E-02
  0.4257561E+00  0.1589287E-01
  0.4545188E+00  0.2328127E-01
  0.4912892E+00  0.3402571E-01
  0.5136941E+00  0.2582152E-01
  0.5249648E+00  0.2848854E-01
  0.5454545E+00  0.2031206E-03
  0.5454545E+00  0.5012189E-03
  0.5454545E+00  0.2899605E-02
  0.5454545E+00  0.6865788E-03
  0.5454545E+00  0.8244485E-02
  0.1613373E+00  0.1029486E-01
  0.1806973E+00  0.1387781E-01
  0.1963280E+00  0.4067070E-02
  0.2167781E+00  0.1281826E-01
  0.2681033E+00  0.4472396E-01
  0.2944802E+00  0.4491738E-01
  0.5818182E+00  0.2031206E-03
  0.5818182E+00  0.5012189E-03
  0.5818182E+00  0.2899605E-02
  0.5818182E+00  0.6865788E-03
  0.5818182E+00  0.8244485E-02
  0.2432760E+00  0.1692040E-01
  0.2214214E+00  0.1460028E-01
  0.2080130E+00  0.2328240E-01
  0.1850422E+00  0.1379772E-01
  0.1671343E+00  0.6753592E-01
  0.1523425E+00  0.4327037E-01
  0.6181818E+00  0.2031206E-03
  0.6181818E+00  0.5012189E-03
  0.6181818E+00  0.2899605E-02
  0.6181818E+00  0.6865788E-03
  0.6181818E+00  0.8244485E-02
  0.9567239E+00  0.1692045E-01
  0.9785789E+00  0.1460026E-01
  0.9919869E+00  0.2328227E-01
  0.9888630E+00  0.1655909E-01
  0.9752050E+00  0.6616704E-01
  0.9660485E+00  0.4856899E-01
  0.6545455E+00  0.2031206E-03
  0.6545455E+00  0.5012189E-03
  0.6545455E+00  0.2899605E-02
  0.6545455E+00  0.6865788E-03
  0.6545455E+00  0.8244485E-02
  0.6871545E+00  0.1609372E-01
  0.6672287E+00  0.1141739E-01
  0.6500625E+00  0.2004052E-01
  0.6295017E+00  0.2714050E-01
  0.6176544E+00  0.2107464E-01
  0.6146206E+00  0.8081688E-02
  0.6909091E+00  0.2031206E-03
  0.6909091E+00  0.5012189E-03
  0.6909091E+00  0.2899605E-02
  0.6909091E+00  0.6865788E-03
  0.6909091E+00  0.8244485E-02
  0.4876966E+00  0.1396431E-02
  0.4866136E+00  0.5476087E-02
  0.5053530E+00  0.1186591E-02
  0.3926328E+00  0.1437812E-01
  0.3252445E+00  0.2320673E-01
  0.2807640E+00  0.6592360E-01
